0	99.4043284239	25.5954625356	56.4600509844
1	108.883780116	21.1620182346	52.3113825058
2	109.33642803	16.8476394382	47.3874787584
3	107.144349632	15.4514214894	45.8902308652
4	107.144349632	14.2293003936	45.8337565434
5	107.144349632	14.5096710177	44.9484803934
6	107.144349632	14.5096710177	44.9484803934
7	107.144349632	14.5096710177	44.9484803934
8	107.144349632	14.5096710177	44.9484803934
9	109.33642803	16.8476394382	47.3874787584
10	107.144349632	14.5096710177	44.9484803934
11	109.33642803	16.8476394382	47.3874787584
12	109.33642803	16.8476394382	47.3874787584
13	107.144349632	15.4514214894	45.8902308652
0	168.303932798	78.9876827355	103.928369566
1	176.23129273	60.9518244646	83.3624915059
2	197.42760193	58.3961671768	61.4923696168
3	173.813761232	58.9253262873	73.6313239169
4	187.153424518	56.8638067851	64.9440175512
5	211.367258249	58.7395631439	52.7741157478
6	211.367258249	58.7395631439	52.7741157478
7	211.367258249	58.7395631439	52.7741157478
8	210.776448528	58.496226108	52.6548227622
9	217.374654808	59.3002707102	58.5376096079
10	206.988678295	58.2201610655	54.2155369926
11	208.341305325	59.5762578989	55.6450939291
12	186.582548872	56.5654747857	65.9538423
13	196.691017457	58.0604465093	66.9410869911
0	321.972473673	199.40552669	212.30784837
1	338.029834954	148.845010047	145.710455945
2	347.851515692	125.529119285	75.976421918
3	333.637963017	147.926759253	136.202651719
4	350.37589989	122.324102622	78.2276906371
5	348.669508695	124.735865861	76.6281727976
6	348.669508695	124.787957391	76.5075066405
7	340.284852295	125.092616089	81.0345132201
8	364.701829987	120.707125509	64.0429718397
9	358.876512238	117.07563604	67.1034813595
10	360.729004306	124.9124732	67.8385364641
11	340.363356951	121.051528826	72.1549943071
12	354.610342726	122.050525858	78.9886726785
13	346.962334937	126.602053595	79.3619319064
0	318.829719352	96.4079771911	241.839059511
1	311.948124457	82.8031497592	226.816968686
2	327.431253666	79.0923422102	223.317053763
3	324.838140056	84.5323737256	226.331217865
4	375.127762405	80.4924038442	226.386676225
5	349.802858188	78.7607144936	220.559558633
6	349.802858188	78.7607144936	220.559558633
7	356.135414277	81.6117185897	224.872979509
8	356.135414277	80.624847724	223.886108643
9	345.544729379	77.1984153916	219.860960907
10	359.699352715	78.5270876311	220.32593177
11	358.562201064	78.8251093702	222.382117317
12	359.795731595	82.2882484184	226.512959972
13	341.008520096	82.6323973975	225.559806304
0	660.124331782	407.676961073	536.07014864
1	714.818932009	312.844662256	408.129991739
2	721.952051587	263.328431892	289.705203753
3	695.40583354	292.695890888	354.897758308
4	733.898348971	265.733666841	304.44745758
5	722.930190761	263.679990723	298.984235104
6	722.930190761	263.679990723	298.984235104
7	722.930190761	263.679990723	298.984235104
8	714.154530766	257.677586254	309.181769688
9	749.685553411	262.226013718	308.44587936
10	725.075936308	263.322135121	305.07134449
11	713.888080717	250.009029225	279.115092576
12	698.240820587	256.043733918	296.038581106
13	710.085141964	260.725562509	304.984188463
0	1259.70740932	976.527480813	1077.36421236
1	1311.68233411	670.60725745	669.647496578
2	1343.17270116	562.222619744	396.179294476
3	1274.52524601	669.891439931	634.79293285
4	1341.67705092	564.909547797	405.08686099
5	1322.68983996	554.155366093	342.623618896
6	1336.13450931	553.824524599	341.135061939
7	1367.45398581	549.616113544	339.535028484
8	1379.27749594	546.784108734	336.049352543
9	1359.91438811	546.285943623	377.649327382
10	1362.90445741	548.938804207	334.504810548
11	1357.2885442	546.654841089	352.131687304
12	1335.64368904	552.751988175	412.381530273
13	1323.1579309	559.713581231	387.313159961
0	954.213572753	489.263405157	804.435769256
1	1041.36640053	406.644107949	716.147972462
2	1077.57354579	345.199110682	639.917088671
3	1000.62633314	386.031207884	667.855035262
4	1071.24077714	348.256401103	625.953424299
5	1027.31702978	347.115051419	627.471533242
6	1027.31702978	347.115051419	627.471533242
7	1027.31702978	347.115051419	627.471533242
8	1024.08485022	339.841339964	615.742046321
9	1088.97383186	335.717937468	619.582426221
10	1012.883789	340.647965313	617.527884157
11	1031.94564354	343.495100048	629.803150023
12	1066.57256846	341.975421153	633.98032435
13	1015.64294359	363.584108915	651.379540358
0	1770.94467412	1312.90734222	1598.02131662
1	1797.82933124	930.552490713	1096.09997403
2	1897.08378782	766.068067523	755.465933871
3	1821.55264397	927.715545513	993.845085684
4	1843.23501764	744.896539386	743.698751953
5	1915.6674139	765.644008122	688.7518222
6	1922.16543918	765.74691884	689.708003848
7	1915.6674139	765.644008122	688.7518222
8	1850.82185986	754.031381327	694.823571875
9	1906.75261713	745.090811846	737.84709192
10	1926.06400701	757.795427616	709.785402612
11	1939.78108758	762.03742387	741.234401369
12	1877.14848906	757.042828984	749.858214958
13	1877.23265638	784.104834384	761.291173716
0	3584.30412538	3041.6456164	3273.73560188
1	3694.99352097	2084.1203829	2026.48390336
2	3695.52096086	1667.33825269	860.273659284
3	3705.48379864	2123.56200299	1914.48939975
4	3741.14779781	1692.26521536	956.299539606
5	3747.75300307	1636.59798556	735.385697166
6	3763.4406667	1654.07536222	747.090478782
7	3792.30056655	1653.13775251	737.032959292
8	3824.38078238	1653.62781037	774.081615298
9	3682.64975007	1640.7172664	804.449964674
10	3682.71940165	1631.78005895	735.792530391
11	3690.45690608	1624.47202301	752.836384286
12	3648.77007224	1652.23441388	892.629644575
13	3694.91835332	1695.67609713	978.661324594
0	99.8863270707	26.1674767516	64.0606057029
1	113.372092653	19.6901586416	56.6335222044
2	109.659938531	15.6827588986	49.7075297231
3	105.301103135	15.6019616585	50.5046516676
4	103.821912037	15.7633292564	49.7881000809
5	103.438121108	14.5102310094	48.5350018339
6	103.438121108	14.5102310094	48.5350018339
7	103.438121108	14.5102310094	48.5350018339
8	103.438121108	14.5102310094	48.5350018339
9	103.821912037	14.6988473973	48.7236182218
10	103.438121108	14.8527863728	48.8775571973
11	103.821912037	14.6988473973	48.7236182218
12	109.659938531	15.6827588986	49.7075297231
13	103.821912037	15.7633292564	49.7881000809
0	153.783417036	58.961002854	96.2628033864
1	156.437914763	41.5594772882	72.3144321709
2	177.635283846	37.8222961995	62.7279276207
3	156.437914763	37.9269458342	64.3058661467
4	158.330558182	35.9696373576	61.7129775259
5	166.540810594	37.4680838061	57.6955417052
6	166.540810594	37.4680838061	57.6955417052
7	178.411751314	37.2834333486	58.3007937019
8	175.626627349	40.3376793678	59.9450700555
9	181.332955312	39.6096472463	67.9235165936
10	166.341778677	41.026177541	60.834795914
11	181.332955312	38.925601463	63.6396460759
12	158.330558182	36.2666751138	63.6975212394
13	162.801402062	39.2307274733	62.7981516707
0	331.697935841	194.057024975	213.081565424
1	331.697935841	147.941876449	148.263397777
2	349.657191454	124.697392881	96.1058441562
3	331.697935841	142.818258504	132.978661182
4	349.290679319	120.691437879	90.8528660602
5	348.700024482	119.455835543	75.0059781529
6	348.700024482	119.524920151	75.0750627616
7	348.269168036	118.778634652	73.3692447091
8	349.290679319	114.895544142	67.3976417126
9	355.624932795	115.940399411	78.4881673762
10	353.538856074	121.606344388	65.4208600387
11	351.991955732	127.147755866	78.2437733999
12	351.129066415	121.019756789	93.8693295951
13	345.163818904	124.654436919	88.6848584773
0	321.61824319	62.707487952	250.966047958
1	334.015495007	60.3412488482	248.097287565
2	396.410752633	47.1994741499	227.77455218
3	357.770789129	46.7333882107	217.890528993
4	404.941249323	48.1290115265	227.936193225
5	364.649178284	49.4835540588	214.76688255
6	364.649178284	49.4835540588	214.76688255
7	364.649178284	49.4835540588	214.76688255
8	389.025929118	47.9725704996	212.185921751
9	383.133249114	44.060251892	218.997485062
10	389.025929118	47.9725704996	212.185921751
11	401.976216954	51.3442128051	224.210496643
12	404.941249323	48.1290115265	227.936193225
13	390.868596965	48.0294761213	227.843345341
0	662.529001836	370.147268508	535.865424493
1	679.516996024	268.219147153	407.533329575
2	751.00726091	230.904540417	321.09448516
3	671.72435934	262.716638584	356.692654588
4	729.38240898	221.354526492	309.668269015
5	773.361718842	222.46521618	288.928485469
6	773.361718842	222.46521618	288.928485469
7	773.361718842	222.46521618	288.928485469
8	787.142315015	226.62091202	290.776344783
9	762.127086756	217.30199668	297.901594641
10	718.716388532	219.615495979	282.097766869
11	722.058834024	227.590090194	315.532123218
12	740.751268535	224.04656345	320.646811371
13	688.84931752	225.563867581	305.078179505
0	1281.28268929	965.969280838	1102.90909957
1	1352.11127225	682.081648986	674.910018558
2	1331.78187647	542.620904639	434.023315556
3	1366.335787	651.301748557	610.92318843
4	1382.99682614	535.723887934	410.637114118
5	1367.27249937	529.78437801	329.622358557
6	1349.23508627	518.93938934	317.854578681
7	1360.75088652	528.113173692	344.896419596
8	1380.46029535	519.491638027	316.846092912
9	1377.48606587	520.927925819	372.758015441
10	1393.59829127	527.686310578	351.848509581
11	1352.15416625	528.799403766	376.208758558
12	1360.04608702	536.44434091	421.3275664
13	1366.7554696	544.972656491	388.641354759
0	947.705885571	418.196718852	824.498841103
1	1040.31279358	330.466208356	722.695032298
2	1079.41211614	276.954185396	638.20756156
3	1044.92932925	313.657789079	649.620554387
4	1030.03468531	263.362529719	632.60311749
5	1136.03444325	281.687363705	602.615470998
6	1136.03444325	281.687363705	602.615470998
7	1136.03444325	281.687363705	602.615470998
8	1126.49090327	275.452876071	611.045754941
9	1097.12978235	260.925355246	599.275848846
10	1177.33221614	272.759547752	599.827732969
11	1117.07949264	271.322325337	600.886190941
12	1054.60032513	273.67541305	648.70890966
13	1038.93103069	275.192492091	659.597508537
0	1831.44937392	1269.41949255	1646.3518758
1	1898.17499869	877.685588273	1155.34862173
2	1977.39349076	699.297322802	769.285735833
3	1896.58205586	880.457605689	1008.68390019
4	1973.27806018	708.835418385	774.747752465
5	1963.28856573	691.254874097	696.372577135
6	1963.28856573	691.254874097	696.372577135
7	1947.58613986	688.431843538	686.303571878
8	1936.3629679	684.70164407	693.18299437
9	1924.54499174	675.567034235	713.806086446
10	1941.07985212	700.199418095	693.886665157
11	1912.87675039	688.304546087	706.293600546
12	1947.5165395	690.532667007	758.517542106
13	1925.37659114	709.002711279	778.156754422
0	3522.71307476	2916.92502738	3236.98556392
1	3622.56620402	2026.63933155	2070.9422233
2	3699.08946597	1555.19630956	906.072694044
3	3652.71511913	1976.42977924	1827.04772991
4	3675.97995987	1561.72282637	898.933760877
5	3709.73809803	1537.59930813	732.527358181
6	3746.72556405	1535.04649525	729.719988927
7	3750.48911583	1533.89899349	715.839955466
8	3820.17776181	1543.41967657	761.850402009
9	3727.27445742	1526.73019402	772.89911161
10	3671.68034074	1528.95582244	742.552763972
11	3696.66939113	1528.98300619	757.175240871
12	3653.56471622	1551.50247009	862.129153836
13	3671.3965747	1582.67254253	943.741844159
0	104.490364843	11.1539400087	63.8663578806
1	104.490364843	12.8883639485	55.1526072928
2	131.878077166	14.8408392506	51.3931644789
3	120.692940499	19.1357901778	43.8405941754
4	131.878077166	14.3018827049	51.9321210246
5	120.692940499	19.1357901778	43.8405941754
6	120.692940499	19.1357901778	43.8405941754
7	120.692940499	19.1357901778	43.8405941754
8	120.692940499	19.1357901778	43.8405941754
9	133.43111701	14.6152591562	52.1741936811
10	120.692940499	19.1357901778	43.8405941754
11	133.43111701	14.4618086592	51.7543712022
12	131.878077166	14.3018827049	51.9321210246
13	124.690215082	16.3237133838	45.5994404295
0	159.539803879	42.5107832756	89.2909358931
1	159.539803879	32.2121360281	75.1805526976
2	159.539803879	28.2123461617	60.0400309865
3	159.539803879	31.4217906291	61.2978133424
4	159.539803879	24.3896328428	57.4926179082
5	173.441242154	26.6475839827	57.1991181117
6	173.441242154	26.6475839827	57.1991181117
7	173.441242154	26.6475839827	57.1991181117
8	179.78161087	27.7628955713	57.5876615463
9	177.568467211	27.4752616038	56.8398446735
10	179.78161087	27.7628955713	57.5876615463
11	167.732134084	28.3521736139	56.3608205602
12	159.539803879	24.3896328428	57.4926179082
13	159.539803879	29.2445974467	61.9049246257
0	328.586979101	180.11117161	214.313233579
1	328.586979101	129.948381937	133.93460274
2	336.855077774	113.049662873	91.151702066
3	328.586979101	123.904015055	115.7599286
4	356.523450706	113.471324351	93.4276661451
5	360.895272739	111.334550922	77.1412938645
6	360.895272739	111.334550922	77.1412938645
7	345.646740462	110.906697594	76.9807597447
8	357.912900872	104.871949534	66.9650648816
9	345.458628177	98.2231246079	66.1764092147
10	352.498242754	102.552505754	62.0296006758
11	341.478800915	100.454907422	64.1419162386
12	356.523450706	113.471324351	93.4276661451
13	330.693107779	117.54503818	95.4948640257
0	316.641635645	19.5067750239	244.395226075
1	331.895824776	32.2988269707	219.135322976
2	362.67468905	37.4373739189	212.220131479
3	333.237993438	39.6071705245	209.535711648
4	324.100122278	30.2568279424	211.541034298
5	355.49374543	47.2334823313	210.269519501
6	373.860769507	46.9316324593	207.81047811
7	355.49374543	47.2334823313	210.269519501
8	355.49374543	47.2334823313	210.269519501
9	342.762133833	35.4140245401	214.605429844
10	337.03544087	43.8911295612	211.007735794
11	342.762133833	35.4140245401	214.605429844
12	350.775365364	37.9189551716	211.173734395
13	333.19143986	36.3316763308	210.582628536
0	625.09949456	283.98598673	509.589232203
1	655.895736938	211.096882125	414.414336689
2	698.646445421	174.236034363	338.951431884
3	664.535018816	184.363112616	332.679661413
4	667.128761406	158.250314115	308.92757224
5	703.171533664	172.691751918	303.749880332
6	703.171533664	172.691751918	303.749880332
7	703.171533664	172.691751918	303.749880332
8	749.992674469	163.573464988	291.98167025
9	769.834736884	165.039458804	318.89177627
10	675.222363333	162.79289859	298.277817543
11	706.336531868	169.663105109	312.66368055
12	667.128761406	158.250314115	308.92757224
13	682.981753857	174.73835597	312.145571823
0	1291.79950701	900.06412531	1101.43567298
1	1325.39416948	562.697524721	681.260218884
2	1320.42021552	476.256337606	402.978258722
3	1325.76526063	590.361736455	604.462673894
4	1344.61959131	480.537189011	410.71477326
5	1327.3432449	469.821062791	355.608017007
6	1327.3432449	469.821062791	355.608017007
7	1376.59114297	468.50647965	354.342153102
8	1358.20583384	476.882730248	356.025346783
9	1356.42034192	474.216550768	395.496206331
10	1330.8439937	471.062035311	362.042458003
11	1396.85463098	474.278576642	386.612970664
12	1344.61959131	480.537189011	410.71477326
13	1335.52962457	489.085250732	405.419716523
0	954.407704157	267.907357128	808.543661579
1	1032.04246929	182.292321304	674.363263424
2	1022.43405353	166.239292989	639.794492135
3	1021.92498308	170.064989256	583.545762246
4	1034.14485868	162.340995277	644.725712386
5	1032.09243942	177.197302981	609.160769667
6	1032.09243942	177.197302981	609.160769667
7	1054.3796623	176.390159351	582.282447606
8	1103.52584324	178.381422295	600.042052891
9	1071.69605985	173.781793257	625.941574001
10	1090.49466007	175.652657225	595.824089412
11	1040.96179329	169.983957138	608.621642639
12	1103.46835366	158.535291235	623.778058701
13	1057.14627494	170.216648032	631.47626991
0	1785.83916246	1109.14517816	1621.15231944
1	1951.30284154	692.185112574	1118.31976811
2	1955.93858446	571.192741573	804.789719616
3	1944.11359484	661.07484748	885.387911487
4	1942.72214452	573.595526708	767.342998715
5	1916.75052439	559.394760482	670.536284768
6	1916.75052439	559.394760482	670.536284768
7	1944.29649028	570.130516283	675.760589934
8	2056.49520681	572.068425934	706.078540263
9	2013.73669686	549.838356664	705.577415754
10	1932.16911707	572.205953748	705.934113046
11	1935.19263588	574.554209843	730.333593313
12	1942.72214452	573.595526708	767.342998715
13	1981.88271793	576.867390565	745.582659172
0	3519.69536378	2764.59266121	3219.29551128
1	3645.58201214	1901.79388462	2059.74363215
2	3640.93863046	1408.82269924	900.295219682
3	3643.15194988	1761.39542067	1658.36357659
4	3676.37885191	1428.90807973	917.690140282
5	3707.85512175	1406.86371676	744.677995637
6	3707.85512175	1406.86371676	744.677995637
7	3804.99640079	1412.10907828	767.574717627
8	3661.03550978	1384.92528213	752.19938904
9	3699.81310212	1399.57399711	868.652290258
10	3688.06579404	1411.78608872	751.115342604
11	3732.53980607	1406.41886848	788.97703523
12	3676.37885191	1428.90807973	917.690140282
13	3658.74365302	1450.20970464	950.015200019
0	109.582827968	24.6189103787	64.3327605504
1	111.836271145	17.0629015651	59.9200020838
2	122.161176306	18.6597182229	58.6934753942
3	111.836271145	19.9024757081	56.4027011495
4	111.836271145	15.9933519654	57.9437763775
5	118.799383833	18.6979114137	55.1123487265
6	118.799383833	18.6979114137	55.1123487265
7	118.799383833	18.6979114137	55.1123487265
8	122.135916315	20.4008461773	57.4397315563
9	126.768645858	20.0890336707	58.9492876159
10	122.135916315	20.4008461773	57.4397315563
11	122.135916315	20.4008461773	57.4397315563
12	116.32965973	20.1267649988	58.3689619147
13	122.135916315	19.2481044447	56.7669002762
0	166.650729987	64.553289579	99.3948403871
1	168.884195788	46.5117666586	68.7741270162
2	184.780277145	51.0443505665	61.233748738
3	181.04868043	50.0166052979	65.4460110615
4	189.047943428	47.1793936245	61.5589850056
5	182.575614335	48.7931965101	58.3447775822
6	182.575614335	48.7931965101	58.3447775822
7	182.575614335	47.9626931034	57.9191843445
8	188.671638453	47.6276286004	57.5863929411
9	189.047943428	47.931898924	63.0925792603
10	185.077264403	48.4973633401	64.2635546264
11	185.077264403	48.0421069194	65.8440167818
12	189.047943428	48.713328888	65.7401714228
13	189.047943428	50.7466174156	58.677929794
0	388.714275698	210.804210108	234.70197579
1	398.034067545	146.492083302	139.157986973
2	398.328174042	132.699788189	105.956381357
3	398.034067545	142.210215393	125.887475829
4	398.328174042	132.282464841	103.733721842
5	406.155793896	130.605218021	85.7487810309
6	406.155793896	130.774301141	85.9604432972
7	410.477205045	130.015473163	85.1315861895
8	417.366325804	128.766689637	74.8220203116
9	404.623924101	129.14615296	93.2759681879
10	421.214380794	139.350931558	74.135137102
11	417.525755423	133.345459069	75.9617496967
12	388.714275698	129.865687597	107.069329283
13	398.328174042	135.277166503	108.109129487
0	315.611598214	61.0645858712	251.31015462
1	335.781323316	39.8146138771	224.600597945
2	336.853694061	42.944197659	236.670287399
3	332.646814672	52.0931874398	219.32724246
4	350.646871696	41.5096687101	232.799617934
5	321.16633696	44.5755946173	221.363028608
6	321.16633696	44.5755946173	221.363028608
7	321.16633696	44.5755946173	221.363028608
8	340.889592706	48.764750836	226.153122204
9	331.94342329	50.8360422905	220.673405016
10	347.501653967	44.9603476112	229.347789564
11	328.140942497	44.0634199109	226.100107917
12	346.497943758	44.9009565176	227.674392518
13	323.647020152	44.177052181	224.651994673
0	681.977447346	361.980494382	536.518921405
1	685.137236604	277.600672836	399.935227722
2	693.346727613	238.121289427	350.636450018
3	704.395858825	264.665172687	366.207696853
4	699.882246694	239.332172813	347.694081727
5	743.209556107	241.115175892	331.620898977
6	743.209556107	241.115175892	331.620898977
7	743.209556107	241.115175892	331.620898977
8	714.361834978	223.078630196	321.450625536
9	725.374661642	219.567169577	307.552832888
10	738.378279495	216.518992466	292.172654594
11	736.179697456	220.90137864	299.613991718
12	716.584681507	221.055204689	321.901529621
13	774.98377313	232.613025541	297.844202798
0	1263.51562407	932.351717321	1077.75305485
1	1299.88968313	633.681998178	640.574576845
2	1356.23297108	535.823403871	401.18797404
3	1300.03996545	655.689127941	609.813904081
4	1334.1053231	530.498693788	411.008498151
5	1354.29159397	528.121355047	357.136588949
6	1354.29159397	528.365520937	357.380754839
7	1354.29159397	528.121355047	357.136588949
8	1346.6537235	520.549215321	355.63185666
9	1362.89094276	514.64830178	363.98546163
10	1369.6738434	511.319021829	339.622056886
11	1357.94916637	515.58568845	359.14373908
12	1314.06998761	526.76960406	380.017544196
13	1334.75516786	532.383566165	405.931511711
0	961.167298691	395.300482221	812.577548341
1	1039.74707752	332.276994541	743.140774495
2	1044.94114584	257.243762946	631.620951051
3	994.307708236	267.180135386	648.161206261
4	1020.59665608	246.157176577	626.007349093
5	1081.65769689	256.859309559	630.195629646
6	1053.65713328	242.610889982	609.896368639
7	1053.65713328	242.610889982	609.896368639
8	1114.96365168	244.336139353	600.080169407
9	1015.95845289	259.653391523	630.718545169
10	1065.08328573	248.845226291	606.687014914
11	1063.47124711	242.746376707	610.641770574
12	1049.02058282	272.228494682	655.137600192
13	1065.24402426	265.277092596	630.187295484
0	1775.0005391	1224.18785845	1616.05625873
1	1881.05983671	819.026724929	1114.33636337
2	1866.99823967	683.594397282	765.636720555
3	1863.76025912	813.492658528	961.869852976
4	1894.00854032	684.384451433	754.834725917
5	1913.69286854	692.474538304	748.639867048
6	1913.69286854	692.544757749	748.710086493
7	1948.44767376	690.992393266	746.579554777
8	1936.39809419	686.842591497	714.709340786
9	1943.03978023	663.623577736	752.068325996
10	1885.67955274	689.756004033	747.372830667
11	1932.54270213	682.67599336	736.452178123
12	1906.44675767	677.348711186	760.089243053
13	1892.01277487	662.493878739	738.145992979
0	3519.41888635	2905.54872507	3234.524728
1	3649.81145762	1978.74104598	1979.38274997
2	3716.96291957	1616.31361021	976.475907094
3	3627.98739053	2056.79279907	1920.72967652
4	3690.35673043	1575.83649639	944.46324305
5	3714.25490084	1570.51761438	883.163322021
6	3733.30566978	1563.85962868	871.232030326
7	3707.61786289	1569.4978241	882.002659544
8	3736.6177851	1562.16261109	859.047560375
9	3755.3500309	1527.61230733	841.325638636
10	3662.75632757	1561.92036367	834.991111883
11	3675.20248927	1556.36429132	873.245588535
12	3677.97378653	1531.01328745	889.175848607
13	3706.08588869	1574.95848722	945.723024834
0	76.0569531173	13.7794610815	44.5404646786
1	85.3316695579	12.5240237343	41.2963012292
2	75.4310849588	9.82436842333	37.0284611689
3	79.6097646658	13.0856816422	35.4288060479
4	75.4310849588	9.82436842333	37.0284611689
5	79.6097646658	13.0856816422	35.4288060479
6	79.6097646658	13.0856816422	35.4288060479
7	79.6097646658	13.0856816422	35.4288060479
8	79.6097646658	13.0856816422	35.4288060479
9	75.4310849588	9.70187055607	36.1577262127
10	79.6097646658	13.0856816422	35.4288060479
11	82.0046482655	13.663365821	36.6211977801
12	75.4310849588	9.82436842333	37.0284611689
13	75.4310849588	9.82436842333	37.0284611689
0	139.04620548	62.144420529	92.6298319969
1	150.796893148	53.4714970637	80.2349361302
2	147.866369291	43.3853381539	60.0614569285
3	139.345391596	48.1656963125	63.7215899578
4	154.827408977	45.9980817334	65.6705070582
5	140.443806193	42.9375430472	53.5975876905
6	140.443806193	42.9375430472	53.5975876905
7	151.701653498	42.6127033473	54.3064387445
8	138.359778243	39.8586722566	52.6178810244
9	151.600108651	45.725955838	57.4084026391
10	141.98292337	41.0016111841	56.8225368951
11	140.693821963	44.8253776171	64.4978029419
12	142.80225909	42.710846262	65.7446310908
13	147.787037145	44.3055529808	64.3523803242
0	306.81810244	199.841006256	211.45066751
1	304.535962996	141.075442117	135.616222664
2	310.71095982	117.49559803	62.500296743
3	303.31092736	139.496567094	124.817981372
4	316.040078318	123.533803767	74.8599951675
5	316.886677706	119.631614032	65.5701725932
6	315.804184807	116.330972701	59.9744496317
7	309.596783243	119.25504775	67.7034477784
8	307.160401333	115.454390789	59.5920615025
9	332.527045311	112.262208079	64.6565660167
10	326.464420219	114.723472309	61.1659973651
11	314.257020928	117.917897356	62.1174616672
12	305.924735029	116.46085755	69.414898307
13	320.668762041	124.038864055	74.5153400033
0	249.850463713	59.2059737139	203.188258699
1	232.920471177	52.5362163616	197.24063387
2	294.126621549	50.6811303222	182.962467632
3	266.53871668	49.9934410051	189.700226913
4	261.422429874	49.9284419772	190.839646485
5	265.459381673	42.3681471779	181.865526588
6	288.49770114	50.5763874445	192.114907466
7	279.446288684	49.4355120256	185.402136916
8	264.1161568	49.5654641512	187.503751205
9	270.400561655	42.1801113588	175.546194384
10	276.405804843	54.0908664008	190.316884749
11	279.440246472	43.2166145761	179.66682281
12	259.561484441	47.8762760785	189.410543773
13	260.493389198	48.760514567	191.591120473
0	576.016763547	364.617721965	495.188178483
1	586.500691016	239.224208668	321.47199041
2	600.994754598	212.560445548	243.986798173
3	602.641138841	244.08094587	291.330344118
4	634.941697133	226.266833279	273.462823046
5	595.905507132	209.621035103	221.511675133
6	595.905507132	209.621035103	221.511675133
7	595.905507132	209.621035103	221.511675133
8	606.645682209	207.571246257	228.78725887
9	636.574567484	210.701442798	238.088143052
10	613.650736049	202.564783466	228.193777631
11	600.326316865	212.341333268	230.135264575
12	595.609497372	211.406430743	252.920009643
13	596.724334629	213.456925477	246.992441299
0	1137.60732333	875.422682676	981.85760577
1	1154.98259832	620.205889676	611.562980491
2	1183.97195289	491.477928065	287.273070013
3	1145.75315771	584.259896681	504.304201718
4	1175.87221035	488.727181079	297.169818591
5	1170.8322022	484.14808698	238.529094303
6	1153.8905834	469.788965296	245.004539655
7	1181.04401122	484.495938325	240.255785804
8	1165.5461858	473.694269253	247.502576627
9	1171.31785456	466.034404061	259.267144747
10	1171.0571205	465.268409231	242.55222539
11	1185.25300444	472.531905873	253.144872884
12	1156.28465494	476.564169882	304.080282994
13	1159.84557783	483.259557265	288.817309443
0	810.060605498	397.372286402	714.139696848
1	850.319265362	310.181109209	608.954017894
2	883.976176488	263.146043059	553.234347204
3	860.982347699	295.597852235	555.164245109
4	873.767546866	251.343181558	521.782698612
5	907.774786422	251.573657017	521.689653892
6	892.872396742	254.294740189	468.736894709
7	887.576024443	253.857393411	519.260671719
8	885.574181472	262.727697331	516.296645539
9	896.834714118	258.573066377	540.956769389
10	907.918573943	258.449975541	513.86238496
11	903.162577523	258.237593298	516.382876335
12	913.312918912	267.68524456	558.317098729
13	873.760723704	261.040248184	531.572290424
0	1556.9877205	1120.18165725	1411.35572113
1	1613.05178702	764.870413291	933.196446208
2	1638.42006455	634.479415122	592.841674019
3	1630.86672215	780.538011071	866.723618839
4	1628.02217005	631.577075765	626.351420626
5	1644.90778039	624.383669748	521.368523745
6	1646.70415334	633.007368072	517.026371448
7	1646.70415334	633.007368072	517.026371448
8	1660.74239338	618.778358989	550.531700213
9	1672.373653	635.225097697	591.851729328
10	1665.20320613	615.08667204	545.277358316
11	1673.83086152	632.05241113	548.949324133
12	1625.62953793	622.132703104	615.902113912
13	1616.39651373	633.412649998	575.993006565
0	3139.29641936	2652.04997721	2896.65708581
1	3169.7348169	1811.97862458	1863.67037661
2	3249.57181691	1403.63006414	689.64836302
3	3194.45542941	1787.13287238	1656.02873912
4	3259.05806273	1409.77537599	797.176469097
5	3238.82530795	1395.54788448	535.203942273
6	3239.30259241	1391.58228377	530.192124523
7	3253.99795577	1388.33488248	530.503113199
8	3270.81945017	1383.32706411	540.458771578
9	3269.72589694	1371.29187929	624.750642622
10	3270.45665377	1393.66721193	556.102514461
11	3281.69085706	1398.87608049	586.67408296
12	3208.41002781	1389.21392282	738.081226241
13	3230.1883732	1467.37061906	884.064729546
0	78.8658920103	7.99831052365	48.6734187517
1	75.2986339885	7.04837503423	44.9928518798
2	78.8658920103	9.07451262757	46.3435303222
3	74.1945341375	8.10616505331	47.9365441733
4	78.8658920103	9.07451262757	46.3435303222
5	84.1557663756	8.56770291089	46.9334732999
6	84.1557663756	8.56770291089	46.9334732999
7	84.1557663756	8.56770291089	46.9334732999
8	84.1557663756	8.56770291089	46.9334732999
9	82.283825407	9.61948137708	46.8884990717
10	84.1557663756	8.56770291089	46.9334732999
11	78.8658920103	9.07451262757	46.3435303222
12	78.8658920103	9.07451262757	46.3435303222
13	78.8658920103	9.07451262757	46.3435303222
0	134.304115478	50.9812796462	88.2398893558
1	139.823092399	38.5810675465	73.8106570256
2	145.920790857	33.5004428537	57.0591810498
3	129.845834947	34.5174833005	58.2053804171
4	145.6517811	36.1676864159	59.7672139705
5	149.287492176	33.6092232085	54.2141705725
6	149.287492176	33.6092232085	54.2141705725
7	149.287492176	33.6092232085	54.2141705725
8	149.287492176	33.6092232085	54.8365496255
9	139.035406955	32.6669146674	56.4446621071
10	149.287492176	33.39032301	54.617649427
11	144.176976145	33.1082120944	52.9896326301
12	143.789430081	34.6837682611	58.5034800314
13	144.407987419	35.1158185694	59.8249893988
0	308.928357859	196.935738314	218.467475103
1	318.462308096	130.352113773	126.001997743
2	332.376743763	119.229035196	81.0270604187
3	337.550653391	131.377344954	112.729198668
4	344.097674081	117.639994346	85.4151619894
5	345.229823452	115.349301851	64.5562522045
6	349.92301329	117.003910658	64.7771375813
7	355.582448443	115.368303296	63.9783843032
8	332.582295857	110.552265901	64.6261002683
9	331.237282627	108.547011568	76.3121363266
10	347.822058821	111.399128645	62.4790462996
11	323.537143301	112.884539414	71.4701115495
12	338.967423106	116.86168881	83.289554895
13	340.163572396	115.634507188	67.566019165
0	238.283603425	21.6724187419	201.240272684
1	259.793729138	23.2799991166	191.561200036
2	273.351871105	28.1080947157	190.978426513
3	271.774210859	22.3391778222	181.849907119
4	263.302386774	19.8667624623	178.738958665
5	251.907119333	21.8541340842	183.061725342
6	251.907119333	21.8541340842	183.061725342
7	251.907119333	21.8541340842	183.061725342
8	273.070991585	22.6257200478	184.184618354
9	283.229793861	29.2385524388	184.71629832
10	273.070991585	22.6257200478	184.184618354
11	268.806151401	23.7224363542	191.863759089
12	262.73377382	23.7136069246	186.124564008
13	263.998718113	31.1292496115	190.861255779
0	580.53993984	312.783007031	483.665063361
1	611.026608522	213.407071537	359.505719377
2	614.476449477	164.762692923	243.916136579
3	587.784354535	199.381002147	282.785843824
4	621.178931433	175.327971498	261.283674469
5	627.199818089	170.497142203	231.868687328
6	627.199818089	170.497142203	231.868687328
7	627.199818089	170.497142203	231.868687328
8	623.521917367	169.27656847	221.138414439
9	653.538137294	176.777459439	258.398013252
10	607.133766931	176.366303685	237.230306485
11	657.506142126	171.447866811	247.042579434
12	633.137878602	174.801707384	259.851175749
13	608.889270639	175.073862889	245.854215686
0	1127.72961525	837.743967865	981.664959117
1	1161.89338555	570.582897819	611.673602745
2	1175.36183263	449.969763919	286.978507706
3	1166.06340077	522.077209791	475.012484389
4	1179.51279286	453.096257188	323.975047885
5	1173.99437747	442.793944461	235.384022309
6	1195.92981835	445.651535671	237.310249973
7	1180.90421008	448.727711445	245.273268616
8	1172.38105351	430.972719019	242.436272226
9	1219.36052915	447.786250432	276.656035361
10	1185.31356218	438.69320624	236.980415909
11	1187.21388858	451.688023055	251.597142076
12	1150.1856311	441.21033123	303.327814837
13	1146.37729225	449.594340083	296.296654352
0	818.479061229	312.362056562	710.722942204
1	844.648887989	194.931388193	551.79459044
2	876.076960005	176.523185102	510.921219633
3	836.769767564	180.020795837	469.601414695
4	862.234983469	170.155919159	497.16628449
5	905.007403594	172.035811317	467.098839588
6	905.007403594	172.035811317	467.098839588
7	905.007403594	172.035811317	467.098839588
8	861.590537066	170.563193685	461.148233096
9	899.007662786	181.761105661	510.899744665
10	894.129602725	177.867013929	474.116443728
11	897.344401329	178.438084109	475.063800542
12	874.244171099	167.996784577	503.836012772
13	859.274660192	182.553000136	504.87474482
0	1564.44494899	1052.57318869	1427.26614246
1	1637.33776615	677.973777582	947.170396564
2	1682.19890676	551.114194713	591.419978528
3	1632.92942189	662.201119448	763.159788221
4	1654.94328311	568.953268393	624.147547508
5	1673.70617637	556.566280563	532.508242667
6	1678.99178257	562.655386465	527.477057866
7	1659.9683824	561.133821515	523.391285017
8	1728.07938201	572.0477773	544.658980699
9	1678.47938809	555.072669281	577.576837323
10	1718.13989882	561.876786565	509.297301517
11	1699.56397949	558.480781844	546.489778633
12	1667.61124048	555.335502268	620.799184776
13	1673.58105938	572.150850789	621.051823579
0	3092.75104481	2528.28254832	2857.52904303
1	3147.12280723	1665.61566149	1761.53657947
2	3221.23370198	1314.76818363	658.597793015
3	3148.13723286	1586.29178339	1501.81543593
4	3186.69256867	1312.38713765	772.265653638
5	3234.21800742	1284.19239661	523.377653578
6	3234.21800742	1284.19239661	523.377653578
7	3202.28040404	1288.43819689	527.397181644
8	3222.96035805	1290.17247053	543.302952205
9	3295.17346388	1303.40909864	589.624153877
10	3252.3312204	1286.55726581	540.081363418
11	3213.30067846	1274.08104775	547.531626961
12	3188.29888408	1287.2511789	722.579978382
13	3178.24150275	1354.69704754	897.637507773
0	72.8368164574	12.6492383738	44.6850191401
1	84.2063369588	11.7048479507	45.1949151133
2	73.2371250234	14.924204866	40.287006541
3	74.3232475461	13.9220461167	41.8505632717
4	73.2371250234	14.924204866	40.287006541
5	73.2371250234	14.3749149559	41.4493538188
6	73.2371250234	14.3749149559	41.4493538188
7	76.9760649793	14.0712152575	41.7013941309
8	73.2371250234	14.3749149559	41.4493538188
9	76.9760649793	13.3726651124	42.3999442759
10	76.9760649793	13.3726651124	42.3999442759
11	73.2371250234	14.3749149559	41.4493538188
12	77.7631637241	13.8601653709	41.0506371678
13	73.2371250234	14.3749149559	41.4493538188
0	131.646101424	43.9074633382	94.9769508958
1	137.231328372	25.3959507591	68.3318787587
2	148.244526622	19.8098937151	49.8023207211
3	142.639216427	24.1773039866	47.6406791738
4	144.108329782	19.9253717499	54.334144209
5	138.874058922	22.2666880268	45.440062115
6	138.874058922	22.2666880268	45.440062115
7	138.874058922	22.2666880268	45.440062115
8	143.965238369	24.2609961155	56.9439619533
9	150.526028323	21.7345969268	51.6773029035
10	143.889435978	24.3187963123	46.5456695363
11	158.415081697	24.754709766	50.251897081
12	144.108329782	19.9253717499	54.334144209
13	150.180538237	24.2528323399	47.9312003971
0	305.751741716	177.061519947	211.859479057
1	326.488098309	112.913195645	126.625249243
2	327.274574787	98.7111825042	74.9981075108
3	317.117581262	112.239557016	108.032284412
4	317.016609479	94.5136086184	77.649884919
5	320.775462111	99.1426955759	63.82849873
6	320.775462111	99.1426955759	63.82849873
7	320.695980938	98.4993701902	58.3517651147
8	316.610852179	95.0391593706	58.1240609948
9	322.506142475	93.0445053966	71.520285408
10	324.694931171	97.8491246644	59.8947615766
11	320.85206943	92.3027174416	61.5155718736
12	317.016609479	94.5136086184	77.649884919
13	314.434800097	102.765750747	70.1047024063
0	254.378341587	42.1541253183	200.482954858
1	258.213791429	52.8144877553	189.034305401
2	274.003312434	56.6528684559	183.00911913
3	267.973725776	59.6023705107	176.316138723
4	290.925197044	48.1107634575	192.143825236
5	295.955152906	53.6918021638	188.578983583
6	264.59428769	64.354498707	174.419299871
7	273.003598096	58.7257345438	177.19277469
8	264.59428769	64.354498707	174.419299871
9	276.390410158	53.2007786929	187.507201539
10	295.955152906	53.6918021638	188.578983583
11	315.388523941	56.5945881673	184.058806481
12	288.449944561	62.0383455396	175.185225408
13	295.34567945	58.7304566371	176.547952987
0	570.675026066	247.649423886	478.172666405
1	613.226867626	165.723641599	358.613625942
2	638.830165507	134.721361812	266.980759302
3	596.132039953	148.07914724	249.705933663
4	613.529124337	125.374405302	266.929995471
5	610.470612389	138.168282092	232.854433014
6	628.10838601	140.170340976	233.39190881
7	610.470612389	138.168282092	232.854433014
8	603.866562032	140.159050456	235.910444858
9	599.559825839	137.098681585	262.216897843
10	619.557922115	139.514895584	227.728623217
11	622.658983585	132.392514685	237.841274619
12	604.699234009	133.318664808	254.591838748
13	598.470804893	137.411832376	262.671967756
0	1149.92405088	799.704689113	1001.92152621
1	1173.16658459	493.640568099	581.857224949
2	1206.09524238	404.629176441	309.712372138
3	1183.73280973	479.711072375	464.857634936
4	1194.63298169	398.006830833	314.432108043
5	1204.71392698	397.708883607	253.833043152
6	1204.71392698	397.490690788	253.614850333
7	1197.6694925	397.335750027	253.909625764
8	1186.0192234	394.595738507	253.847135538
9	1251.68736673	398.981506242	281.806327224
10	1191.45553718	393.339598731	258.284101679
11	1182.56118732	391.920538991	274.481492256
12	1194.63298169	398.006830833	314.432108043
13	1167.65939903	409.823017001	335.046552313
0	812.393308625	161.749988818	701.559447648
1	858.299287667	113.830957432	573.502309546
2	894.38856258	127.378242139	471.893400867
3	916.120709864	135.622157255	460.074227371
4	890.842459363	122.570982655	476.872100825
5	929.66077037	135.714790612	450.465709479
6	929.66077037	135.714790612	450.465709479
7	929.66077037	135.714790612	450.465709479
8	929.710608274	137.635423401	463.779949798
9	904.368218095	139.400670162	475.260998526
10	892.574351182	128.746573796	487.779421809
11	889.591766451	137.664619014	466.402123972
12	895.14564649	124.620552135	479.845904802
13	864.939780764	127.083949921	460.916883568
0	1602.88874049	934.296306998	1449.16222681
1	1647.48027756	519.667093352	937.43024843
2	1757.38700677	456.764482718	627.372545942
3	1642.52194553	517.836839326	704.997736187
4	1670.71745341	462.335772513	631.364225577
5	1779.77143558	457.602287083	537.448035591
6	1676.66356298	447.376550941	570.32269977
7	1779.77143558	457.602287083	537.448035591
8	1742.77370491	459.599032532	549.805163171
9	1764.21472482	456.115672633	577.963030232
10	1751.79844224	452.700158314	539.937193759
11	1745.75905216	463.922220634	586.484174751
12	1714.87058882	441.716398122	601.128803722
13	1741.35593172	471.874709115	646.033082921
0	3151.58373093	2441.24114372	2905.64025771
1	3232.86160012	1533.57675356	1702.48488284
2	3250.60904023	1190.08515784	676.47933206
3	3191.52492935	1487.37252717	1367.57316292
4	3230.48493785	1211.42585743	718.825542577
5	3304.81965175	1194.26544745	544.363067335
6	3309.99934183	1195.75870207	523.789290857
7	3309.99934183	1195.75870207	523.789290857
8	3305.09045649	1205.95027827	543.939790705
9	3261.25576538	1194.6601283	593.158562782
10	3289.4788827	1207.62458233	549.014842057
11	3278.92923055	1183.19834582	584.226874614
12	3273.37509362	1212.38232999	695.272210815
13	3271.50523676	1237.54874309	821.122016547
0	79.3563819852	13.3231136387	52.6172595191
1	80.1697164685	12.5986167679	45.8441184521
2	81.5830138362	6.72355683806	47.0781149148
3	82.2899043877	12.7954344286	46.302653568
4	81.5830138362	6.72355683806	47.0781149148
5	89.3828549448	13.7315070162	45.1530465081
6	89.3828549448	13.7315070162	45.1530465081
7	89.3828549448	13.7315070162	45.1530465081
8	89.3828549448	13.7315070162	45.1530465081
9	80.1697164685	13.2911143282	45.7442850311
10	89.3828549448	13.7315070162	45.1530465081
11	82.2899043877	12.4824817852	45.849265225
12	85.186145459	14.7144815609	49.2372153654
13	90.2632875303	16.2745105426	45.9488030793
0	133.242776431	51.7609143445	94.3490102587
1	141.923914214	38.7188753895	72.9071775682
2	147.131748606	30.1747895348	57.3190976178
3	143.89221251	30.5918437214	56.6039332556
4	141.695100554	28.2350970328	57.0551865645
5	136.761521339	27.6202552489	53.464257371
6	136.761521339	27.6202552489	53.464257371
7	136.761521339	27.6202552489	53.464257371
8	147.460101803	29.3093837302	56.3544361305
9	147.576994635	33.8788208502	60.3460041881
10	139.830963524	29.2275907823	55.2093032143
11	138.978175637	27.4750504939	51.3333624657
12	142.576652668	29.2270777001	58.2277168375
13	154.826678085	34.0767365594	58.6889528597
0	317.703527385	192.912306659	215.819539175
1	310.920429489	135.101321407	146.556097209
2	331.593017408	110.813095933	80.4779640309
3	323.159568012	129.838872869	117.335668808
4	317.71744831	112.631165926	85.9804319867
5	342.111580768	112.273159519	73.9966531302
6	345.048473839	113.377743753	74.8960127033
7	325.002535275	112.938662867	77.0962854717
8	330.327757303	111.258450346	73.0869195588
9	332.210587419	105.265654647	67.2471191494
10	332.247018668	110.550542955	70.3276431481
11	325.557467875	110.012743342	74.1528143725
12	330.905183756	110.482200773	77.1542779408
13	338.065372853	112.995927968	77.0642032637
0	262.656712407	53.3690376609	209.323915591
1	257.730654476	40.204273608	206.094916713
2	282.644982564	20.1704701948	197.163343376
3	263.950121626	38.3474872887	196.12342454
4	268.570573415	24.4227833374	198.013751278
5	267.017762386	27.2643811279	196.061636293
6	296.770432366	35.7222147617	198.336266783
7	290.620288959	30.1548827629	194.192778347
8	308.800095404	29.5273765266	195.654293506
9	306.568961362	46.6165584824	194.584918041
10	271.009042069	27.6116717032	197.667815527
11	271.129832908	30.4010859262	195.421556927
12	257.171000665	43.3530692802	200.479135191
13	270.942994006	38.6594745646	197.530648296
0	580.435330955	313.564152855	493.050432827
1	674.145687644	224.859985045	375.287249151
2	644.230014604	186.275518581	290.661415894
3	623.354689205	230.351022094	336.75122594
4	627.077281375	185.692549022	291.260162113
5	642.437765232	190.095067024	277.213154415
6	642.437765232	190.095067024	277.213154415
7	636.967559643	179.345140274	267.910566493
8	658.031493383	186.073200976	249.668372167
9	663.915941773	191.257794982	247.524221804
10	636.977990995	179.956506124	246.184567789
11	622.715432505	178.678822536	249.357131845
12	625.109503465	188.793943056	250.069410967
13	657.780928767	199.106823164	265.750277394
0	1140.24075585	843.89637216	995.761851173
1	1187.12308442	553.945978846	615.717041178
2	1193.14931766	463.634929027	335.3745796
3	1186.23902384	558.642221449	540.293537741
4	1189.50067619	459.552669205	330.758730346
5	1201.02679035	459.404969594	300.791685937
6	1210.09230535	447.572278326	301.205058042
7	1197.15576478	444.326008432	288.096256162
8	1193.01226277	444.538638056	296.620565638
9	1222.32340235	447.582637734	320.588092397
10	1185.09098949	453.018854598	299.171607081
11	1203.79343434	442.712707222	301.813968434
12	1216.14426466	445.908796471	330.866722968
13	1182.28352075	472.994263927	335.301895579
0	833.677765617	300.003633529	726.883735653
1	850.798236582	210.51238251	624.537546056
2	928.018442299	155.024198797	547.870721225
3	933.462585584	168.970826512	538.711433083
4	917.322904651	159.714054443	569.273304259
5	919.260541782	150.576012455	527.728166158
6	900.723045542	161.931246521	546.662415528
7	900.723045542	161.931246521	546.662415528
8	922.482521838	156.407599561	532.109309371
9	894.461291856	168.339011876	507.009386019
10	900.314575393	171.765197813	545.01240244
11	939.387542265	167.28144169	565.203134467
12	921.013882037	185.123053495	516.509048844
13	909.693179064	193.511762471	521.193642474
0	1590.55309764	1052.38504658	1452.36207498
1	1637.67485304	700.019699552	1014.00270336
2	1671.75666387	550.645112182	621.321101772
3	1657.97288114	691.376813615	838.658598094
4	1673.57031926	557.679049353	666.389509108
5	1717.13254397	558.375736048	616.320923028
6	1717.26155728	553.121031476	613.117788182
7	1678.89437111	555.849415338	622.911846449
8	1662.72103496	543.581632642	601.136490652
9	1759.56388323	547.182490104	563.273417884
10	1690.64880509	541.588145029	585.431482099
11	1701.55762853	547.196501773	634.639858369
12	1680.78873279	544.886035015	603.520201818
13	1662.95072095	546.68249299	631.067513006
0	3134.92988793	2552.93319582	2898.61140728
1	3199.79619634	1684.84513549	1801.04831202
2	3297.99574708	1350.61985106	744.660380053
3	3092.17910202	1655.69744411	1596.66064865
4	3197.22343531	1316.02253494	740.359776909
5	3312.27985094	1341.00771379	684.680654027
6	3272.30935502	1355.21599922	652.260820006
7	3272.30935502	1355.21599922	652.260820006
8	3253.48606338	1330.28985153	653.684822437
9	3254.09532428	1265.07037177	612.815127382
10	3273.18579528	1335.72093822	638.91300231
11	3196.16552327	1294.84648157	638.695709957
12	3238.64665695	1310.40209855	744.984255118
13	3259.68235126	1364.87360181	905.9861163
0	71.4734220301	10.0276404942	42.9586623665
1	66.7114631869	8.02181953082	39.3729275078
2	72.0698910126	8.75071223488	41.4146441669
3	71.6286064817	9.7002116753	36.3708510293
4	74.1816602893	7.9304034255	35.412144791
5	68.8729288711	8.77857120188	35.9215999497
6	68.8729288711	8.77857120188	35.9215999497
7	68.8729288711	8.77857120188	35.9215999497
8	74.6457055415	8.32167888315	39.1658789742
9	68.5584933434	7.57889977975	38.5142839029
10	74.6457055415	8.32167888315	39.1658789742
11	68.8729288711	8.77857120188	35.9215999497
12	76.6253330381	11.1525785506	44.7689151548
13	67.2133991795	8.72239147505	39.5665915661
0	119.865062874	53.0073148041	81.0118903607
1	118.022850097	29.1961927522	51.2689271126
2	117.089153355	30.5020016221	46.2592500136
3	114.032270899	32.0314474024	51.2990671187
4	118.807776119	31.3477111035	50.1607766485
5	110.566046285	28.0178986499	40.6925971445
6	122.985018645	36.840571357	52.9506494011
7	117.331081972	31.0389387874	45.1863803371
8	113.697685058	31.0865179057	44.7862110293
9	120.596914495	34.8473795096	55.7773683976
10	118.480214882	32.8199777073	50.3979902455
11	116.982479683	29.7586065416	46.9293854404
12	113.369906645	30.594020394	48.1436183913
13	117.963262875	32.4790336458	46.8137146737
0	268.232012817	163.23443228	178.781414037
1	268.993493363	106.476618423	108.85378677
2	273.430440998	97.5157225966	58.6496619466
3	268.110346242	106.090567641	92.6049481611
4	274.521186996	92.8726785671	55.3709007069
5	275.993133041	90.3088608764	47.3597932824
6	289.919443277	99.1678913096	51.3934866842
7	291.419667882	99.5305928442	51.3748729509
8	263.323746781	88.8158124569	44.6936345539
9	278.3278474	92.734323348	47.6587775341
10	278.1575742	88.576159971	44.1134254517
11	283.003970523	94.9269632077	49.2726161669
12	276.284761685	90.5065436121	51.5142845136
13	273.387910537	92.3275393482	53.7329973349
0	220.994494056	31.8282059265	181.330635157
1	240.968988681	39.7424877665	186.68548875
2	224.744131741	24.1870173629	168.114394352
3	237.352441137	27.8371350347	173.48366521
4	235.715768713	29.6058594831	174.121517694
5	259.936780944	28.3356349239	170.102890446
6	256.316898914	32.4692686035	179.02287151
7	259.936780944	28.3356349239	170.102890446
8	237.571421703	23.651547966	164.721983834
9	246.163521754	31.8232840593	174.561839325
10	244.5101263	30.545114431	172.913695617
11	271.131627849	29.5393807411	173.592611057
12	239.223882191	26.8753189053	175.028142155
13	240.030501546	30.6597638749	175.025011766
0	488.995148007	284.722812734	416.529885297
1	504.900409443	202.99932117	316.608321073
2	550.801667411	177.08357143	221.668384969
3	522.576151063	178.220942551	237.957740142
4	526.313183622	169.667514194	223.445979211
5	517.905230347	157.614570434	191.008211701
6	517.905230347	157.614570434	191.008211701
7	517.905230347	157.614570434	191.008211701
8	543.468366752	159.26757214	189.895915498
9	532.972229128	165.999194236	205.075376218
10	542.033583446	163.37056061	204.534578527
11	519.984502741	165.766495608	212.235659981
12	527.367696389	162.096160103	230.27909355
13	521.917773985	169.013023382	206.109812027
0	989.814883732	748.108640125	861.217434775
1	1028.42010882	492.010251802	536.766937391
2	1054.93657609	414.38013101	232.905773421
3	1023.43511487	480.251209979	447.870973631
4	1037.3351964	411.509373853	280.71586231
5	1019.46538059	407.08813777	207.422528564
6	1039.33034632	397.904572364	206.177366981
7	1020.14962739	409.499505963	195.205782008
8	1018.84464227	399.793955286	201.821476116
9	1047.16253342	403.200089129	223.310957925
10	1049.43357859	403.91640115	197.711446811
11	1037.43801882	415.365936031	217.593947457
12	1023.73152139	406.763931325	272.350052298
13	1025.6455747	421.622267779	282.725142345
0	689.306435978	294.688900468	612.815734685
1	712.966500061	199.828219775	488.069481538
2	765.835924416	174.52864548	427.034005144
3	741.198539824	169.189601914	385.599775192
4	743.513712676	169.620806409	432.083385796
5	743.612657655	166.61846001	380.142181737
6	751.376154794	167.96459489	400.906213483
7	763.088296178	171.616262105	419.41427405
8	757.732458585	158.01900547	373.862771722
9	732.085408316	154.779787067	388.059724848
10	769.932882753	166.158674397	380.087744976
11	759.198877605	169.940309073	418.105346843
12	769.350230601	164.239068255	427.043745525
13	727.51466469	160.204969122	412.354392928
0	1356.2843875	925.116747206	1224.66163824
1	1381.48674592	580.077448267	811.144816995
2	1456.0757813	511.677493678	537.882010491
3	1440.93914244	585.975432418	687.733153943
4	1425.09961328	513.913513711	539.147135549
5	1435.73337958	501.934121481	450.169901419
6	1456.23302085	509.689286332	455.840785276
7	1456.23302085	509.689286332	455.840785276
8	1429.52347438	483.837492538	439.854115072
9	1433.02063879	485.858598206	499.173660916
10	1428.18724017	490.32453972	442.187354791
11	1410.97707601	484.999348727	457.28566048
12	1458.7087633	509.70353111	535.268278875
13	1422.17769754	510.899485752	528.320327645
0	2722.80853958	2251.58121731	2512.44167444
1	2719.21706897	1443.53003246	1499.34822673
2	2783.57294378	1163.28504242	541.234953094
3	2730.10819251	1428.18085282	1322.23859122
4	2786.78278797	1181.06655503	666.951287933
5	2842.71916079	1171.43136928	450.049343239
6	2825.82360657	1164.2069136	445.829683499
7	2823.16759031	1156.35457265	439.969026312
8	2848.3600554	1158.48811953	465.844459849
9	2823.73465154	1153.63644372	509.276551007
10	2798.94281897	1158.17372838	450.165863223
11	2809.51543557	1162.23028119	491.127272294
12	2759.0540714	1150.76506833	609.861221419
13	2779.78596661	1214.59059864	735.272079225
0	73.5169000767	4.22426037766	40.2121309713
1	75.651304833	6.72699891911	40.5170083388
2	70.4563998557	4.87174863803	37.8713796268
3	68.0847577394	6.93376570181	34.8625868901
4	72.9687849833	5.98100316843	37.9198740103
5	77.4899018914	5.66817327636	40.1132135301
6	71.6835317682	7.26310154674	35.726875848
7	77.4899018914	5.66817327636	40.1132135301
8	71.1301940976	4.70332946061	40.2376098309
9	71.6835317682	7.75261465211	35.2373627426
10	71.1301940976	4.70332946061	40.2376098309
11	71.6835317682	7.75261465211	35.2373627426
12	72.1303823887	5.18385166131	38.4140185491
13	72.9687849833	5.98100316843	37.9198740103
0	115.777836701	39.1664932067	78.6733149928
1	121.89525416	29.472039882	60.9701939487
2	118.408145902	22.572826593	49.7645548379
3	118.502667493	26.4507247115	50.0405256305
4	114.092321773	23.5823073975	52.0341435693
5	119.61510839	26.2596017119	42.5655245691
6	119.298367496	23.5227304444	46.6228971077
7	119.61510839	26.2596017119	42.5655245691
8	125.926195656	25.3324973233	47.0084891042
9	124.586130974	24.4152793476	46.7937686104
10	118.044865213	25.0217516452	47.3965069506
11	125.993521883	25.4134427145	48.2958087632
12	117.686709849	25.5690477987	54.1952506601
13	127.396768315	27.1795574414	49.3426126174
0	271.512212414	163.504956447	187.48087243
1	282.966567849	114.947632443	117.778723168
2	275.345836399	93.3457461438	62.7690585921
3	276.965692786	99.1335791098	83.0024691886
4	270.07729937	91.5210383205	60.7409215943
5	298.19495623	99.0582683859	60.0296875992
6	298.19495623	99.0582683859	60.0296875992
7	277.277138582	89.6175151971	52.4220968263
8	285.836674827	91.6902298274	53.3553684395
9	276.868773646	84.000708225	54.5494561848
10	278.022485003	87.8125128568	50.6965479952
11	276.552676729	88.0295048957	52.9891563249
12	285.863020014	91.7066981632	60.4725778428
13	281.968405471	94.7946988934	58.3661864167
0	219.280423749	11.0256295321	185.712777051
1	219.756548807	17.5568992701	170.471140432
2	230.139089381	16.0957571087	173.837529877
3	236.582758821	23.3348343013	179.547362703
4	236.481342867	19.3211013705	172.437828318
5	232.139158435	21.1660707315	180.950455646
6	232.139158435	21.1660707315	180.950455646
7	232.139158435	21.1660707315	180.950455646
8	250.699945687	25.5918669698	176.605792093
9	248.063811998	23.3493613929	172.443485842
10	257.887616742	25.4378480093	176.451773133
11	253.024665374	25.1224792997	176.136404423
12	231.03562175	22.1652133361	170.025967517
13	224.624696127	18.4159341472	170.594139458
0	516.074298401	265.410895055	435.94525577
1	537.371866616	160.041765055	286.156346045
2	531.6481524	139.263938626	213.390214726
3	517.705627635	144.787782153	216.39052328
4	534.69510382	137.911898252	216.887037889
5	544.589259778	143.148310472	185.319490216
6	544.589259778	143.148310472	185.319490216
7	556.290180612	140.777939422	204.450379783
8	564.236744162	147.567096769	212.329736859
9	557.532223884	140.481719522	216.867808762
10	551.799277574	142.68411996	206.053081996
11	551.626265993	134.032256138	214.223885643
12	550.150205836	135.041947613	211.748020594
13	551.514024995	147.830066509	223.611443539
0	1011.70168196	721.905127985	869.320394288
1	1028.22957994	473.850143786	508.058728831
2	1041.15330866	374.161063763	246.350225795
3	1021.33098992	456.475463812	419.572382703
4	1022.84847844	370.695806671	271.218228732
5	1043.94802747	375.377318528	199.138887916
6	1024.85391438	368.719618129	204.024911202
7	1052.85362528	380.674667884	200.139959853
8	1050.47022659	381.445501354	210.804102454
9	1038.66548034	373.676811309	233.222123454
10	1041.12896746	375.606829983	215.09776718
11	1032.55284516	366.599564434	220.795234741
12	1033.78162712	376.728778436	254.621367525
13	1032.74564311	375.651708994	252.064151922
0	699.437065435	212.029201545	617.693838998
1	756.517012781	119.909909126	505.705926237
2	809.069757551	137.04483604	430.852746307
3	785.454672116	130.170109149	377.123612932
4	758.611087431	129.771086194	402.449835276
5	792.142666047	135.849464315	386.564505465
6	788.177007144	138.260236944	398.208278329
7	788.177007144	138.260236944	398.208278329
8	826.200113183	144.051980488	410.047558298
9	779.726291519	127.226367105	409.656710025
10	790.342505667	128.578214931	420.206764508
11	779.450137009	134.231639773	411.670947517
12	810.719259892	122.840550127	400.374379398
13	792.919031656	134.778946588	400.024394319
0	1356.87111756	840.368047323	1225.16839665
1	1382.8073142	514.324330414	789.472462252
2	1440.30864142	429.683610126	521.013100776
3	1406.68366494	492.643632143	599.497326485
4	1434.01171137	433.539541438	525.495690429
5	1443.52632716	438.248070458	448.02781602
6	1441.68417685	431.217186217	439.912805033
7	1441.33880443	427.815477926	437.305063592
8	1396.42913112	417.11483216	426.103136098
9	1417.88065659	427.791053964	481.972843012
10	1473.8057638	417.795427951	421.606944514
11	1499.44916344	441.530262253	476.937560365
12	1409.23341598	431.097467075	544.340000745
13	1402.47386027	433.673088419	541.637129351
0	2690.36402131	2145.1024033	2488.00251806
1	2740.9929191	1401.73417884	1535.11442273
2	2822.06911901	1079.87055454	536.578992443
3	2718.97224102	1345.02799208	1271.27892579
4	2800.43889357	1089.44488368	634.63916351
5	2805.72196245	1075.20403556	431.056579918
6	2801.24722717	1068.61481106	445.720953054
7	2779.11346183	1072.45459979	449.543936528
8	2775.84824202	1056.12704991	431.601904969
9	2829.99298207	1075.86887969	495.998993933
10	2789.05107885	1062.21450184	434.434136942
11	2803.35000319	1062.14652684	465.907286464
12	2802.1538175	1076.23146661	627.68314651
13	2773.06189123	1107.24186475	716.466308465
0	71.670569683	14.3781268372	42.3806026293
1	73.2852837005	15.6843113366	40.5263949626
2	76.8478025173	19.0299479898	36.8741092047
3	82.316961663	13.9801510467	43.2332420196
4	66.8641486052	19.6282428281	36.2758143664
5	76.8478025173	19.0299479898	36.8741092047
6	76.8478025173	19.0299479898	36.8741092047
7	77.4524798405	18.3707054502	36.7658170594
8	79.2997607142	16.0741838722	38.139712067
9	73.3162552552	18.4424193549	36.0645307479
10	78.0168671314	15.9621765919	40.9929778156
11	78.0168671314	15.9621765919	40.9929778156
12	74.5864169413	18.3160980249	36.8204244847
13	76.6424473938	16.7388454561	38.5667079262
0	111.030820062	19.9141328328	72.6559926217
1	113.881615641	15.8236841489	54.7737035259
2	109.999413802	15.4702964264	49.1870816382
3	120.454127357	15.9570233843	42.3064225997
4	125.685084629	16.1163199253	48.3644556233
5	116.204405259	17.2468130585	42.9535364084
6	120.053965521	17.1501155807	43.0812627494
7	116.204405259	17.2468130585	42.9535364084
8	123.350024864	14.6420461176	46.1334909641
9	110.719954294	14.9895979669	41.0825546071
10	123.350024864	14.6420461176	46.1334909641
11	115.928187605	16.0667705811	45.5762851211
12	109.285901947	15.3639524171	47.0663132302
13	123.82098318	14.1960925055	43.3688592526
0	249.422088633	130.68183817	169.845450513
1	263.333928091	86.6959252883	126.012452822
2	264.79084236	71.9194604956	51.3371856771
3	263.72837366	84.1990071973	85.5336624575
4	267.113145671	69.0316924143	53.5346071568
5	267.043918847	72.3133485883	45.2649799131
6	267.043918847	72.3133485883	45.2649799131
7	259.7073774	72.3928229234	46.0609439546
8	258.889006775	66.6836778503	46.7780728987
9	253.516323676	65.748832868	50.4603584968
10	265.43483771	71.6712542091	47.7262922449
11	265.037278844	67.986448485	51.2230705481
12	267.113145671	69.0316924143	53.5346071568
13	262.310648012	71.7760780814	49.3163133894
0	211.950814008	65.3345696222	179.740541036
1	216.264917484	71.8888607882	173.747790586
2	242.312269855	75.3639738326	166.354587234
3	243.654641531	79.0027425969	164.895124727
4	250.243544727	77.560839859	165.164958251
5	238.863177962	81.2112425303	162.686624793
6	238.863177962	81.2112425303	162.686624793
7	241.015666431	72.9272581236	171.523919452
8	243.427742648	73.6059014086	170.845276167
9	243.160541404	71.2017159885	173.997770793
10	245.914858912	71.6686651591	173.46605405
11	255.830339257	71.8311901593	173.66033769
12	250.243544727	77.560839859	165.164958251
13	239.201438058	76.0355917332	169.163895048
0	528.904621644	211.735684898	444.788782793
1	559.490667082	128.714087752	326.30335361
2	539.883247576	118.569669211	232.169118292
3	540.238575162	134.182440523	243.373372185
4	536.513989626	110.952280998	232.261830486
5	565.259588679	115.528550476	210.031409812
6	558.620713296	118.010079614	195.880196899
7	566.60084509	118.426462822	196.691019874
8	558.64486125	117.973994078	199.960667324
9	557.871807265	114.788698541	208.800783238
10	564.001979315	112.137759454	197.491985542
11	550.940512355	112.533843816	200.033798441
12	563.717818112	117.385762851	223.01837357
13	553.160766494	113.571720095	219.698252238
0	985.229067419	654.924484822	864.868246649
1	994.841662107	410.684820402	545.226344841
2	1006.38090208	323.603217941	254.727246424
3	1033.08934323	393.551440353	378.114614593
4	1026.43584317	331.927387078	277.011609254
5	1041.90266584	337.144152331	208.577186566
6	1040.14307519	332.387223075	213.52228026
7	1022.46551474	327.980845715	198.373689786
8	1048.28844792	332.246419695	215.70003946
9	1028.40377456	321.337069007	223.829241737
10	1018.62298632	318.742072545	199.064670029
11	1049.39954035	327.824731473	219.94379402
12	1049.8097858	341.114309026	266.364792374
13	1031.37744113	339.452388774	261.631174277
0	704.809377587	60.5307405858	602.819670593
1	731.466651281	89.0561390028	511.519959499
2	750.012596856	119.632188535	432.456735269
3	769.495528838	133.634147648	392.722478265
4	799.500503515	118.671979161	449.5118657
5	783.501447667	133.990111218	413.794627134
6	770.987292645	124.085090423	428.548162431
7	783.501447667	133.990111218	413.794627134
8	791.804574122	134.47981308	383.901022675
9	768.869359422	123.418860608	424.33473365
10	792.385268475	133.473711726	382.883069843
11	781.812242582	128.714071517	414.877184293
12	757.958384602	116.031066134	435.442451828
13	766.14910153	121.692100035	437.561479814
0	1328.96224398	684.031086173	1206.28956195
1	1354.79402401	375.51104543	809.334845645
2	1459.61887064	359.156295038	548.030827073
3	1412.90479744	401.820823812	551.093451785
4	1444.95506685	357.305268899	552.631697822
5	1425.1351916	344.504174166	431.909976882
6	1412.77952368	355.131271656	442.39402697
7	1432.56481332	353.647349379	446.770738155
8	1435.39986571	345.972049045	444.329475528
9	1427.29535619	351.351839289	493.20276287
10	1431.06475621	350.904028317	451.249933574
11	1452.88310652	351.852969178	471.446450344
12	1440.52656961	338.397400881	543.101227114
13	1427.12893405	367.310073738	533.725030006
0	2651.61833049	1967.7724749	2447.4215581
1	2698.86317464	1210.42062745	1469.97506586
2	2730.89955451	967.810672858	587.399955748
3	2669.01714684	1172.34403267	1127.19600345
4	2719.86949746	960.098212878	653.806201659
5	2756.59667016	967.091680374	443.167446181
6	2756.59667016	967.091680374	443.167446181
7	2786.42408705	967.81993203	443.692349499
8	2752.25623782	946.580871042	435.227650108
9	2719.66015688	947.150762434	510.243907793
10	2781.25117934	959.884450785	439.805812872
11	2746.64990221	944.217655096	476.412455712
12	2719.86949746	960.098212878	653.806201659
13	2712.78875482	1001.83047949	730.942586716
0	70.6406653444	9.21883610734	43.5428995546
1	65.4082380283	9.67339870104	42.7027360965
2	69.5644559571	12.1963869079	36.123199239
3	77.7106539765	13.8355633444	37.1894368859
4	72.341166137	9.08243672854	40.2457574841
5	79.6514270896	13.0963469227	37.4822937348
6	76.5858561784	11.3883521663	36.2851965039
7	75.8155243542	11.2051365113	36.675988668
8	78.164286649	12.1726061826	36.5270301839
9	76.5858561784	11.3883521663	36.2851965039
10	78.164286649	12.1726061826	36.5270301839
11	73.9750197049	13.4105150657	38.0700036361
12	70.0462425177	12.6546075414	36.7600984661
13	70.9913592155	11.9209579315	36.6405002063
0	106.294964538	34.8234003633	76.6568191873
1	115.53791158	25.9090979194	60.7801393641
2	120.556541167	20.2355737691	47.767660893
3	110.36662743	16.5609464322	45.1236008938
4	113.354512508	18.1542793252	50.1534457531
5	122.595699084	19.0133376453	41.5340699911
6	117.491027832	21.4435753222	46.1394363986
7	122.550774854	20.8740274223	44.6899603988
8	119.652275821	16.9313673912	43.1913747371
9	116.531348512	19.2599561679	47.3167096414
10	123.042045592	21.6893271114	47.112773986
11	113.623934529	20.0749547002	43.7224152201
12	115.334295705	22.1566322317	54.4606480111
13	116.549067296	23.8613114476	49.4816682247
0	272.507551091	156.013521632	182.333664565
1	272.407849488	108.275266361	119.187857731
2	277.134111873	82.3866704146	59.5589977614
3	278.388608076	105.572473812	97.7454609401
4	268.293150959	84.4284508565	62.5412775626
5	277.870202867	90.3701840736	53.3017773776
6	277.870202867	90.3701840736	53.3017773776
7	277.818101449	90.1671899509	53.2700444848
8	282.416865707	89.9689126888	53.0130727189
9	272.409315354	83.53919225	52.6617127641
10	285.276855047	85.1569530595	48.2043856568
11	269.433666569	87.93154943	53.7602496053
12	280.510890735	87.8727155103	64.1415628813
13	275.77120621	87.6715564699	56.065435505
0	222.027634593	35.3568021499	176.607294054
1	221.643139392	42.8101979276	182.783956096
2	226.291943392	27.8506250964	170.301729732
3	258.234398573	33.2506151046	163.106124461
4	247.778310101	31.2831914009	172.040871266
5	234.045058985	34.6786499704	167.16839784
6	234.045058985	34.6786499704	167.16839784
7	235.573099318	36.2119702043	166.755594884
8	264.157070604	41.7196686513	156.362695324
9	253.804130165	39.1314649398	168.785066159
10	248.271747671	29.0274049703	168.860853398
11	230.366714657	30.5222300787	165.73465264
12	257.887299542	36.997220517	164.21990766
13	241.57070446	40.6639845989	157.434639742
0	533.546599138	272.329505651	454.295656342
1	544.47250388	170.993784776	340.949966853
2	573.478943176	140.876570013	237.352085883
3	554.112398952	151.436091685	255.039273697
4	574.05461208	137.619380069	247.90828361
5	569.151460498	138.742218553	221.551385703
6	582.791468788	138.36921929	232.086976542
7	566.561406244	135.653018919	224.641452306
8	549.109808871	131.129782962	216.410351108
9	565.63104905	155.971249721	241.25038731
10	582.159408223	140.389951606	219.060343561
11	584.723224905	139.243510679	228.153363668
12	540.935077325	144.131050751	240.350761004
13	554.607399003	149.550806569	225.124972222
0	974.709413591	679.032956405	836.042590805
1	1004.72364993	462.711576378	545.605578097
2	1037.03587592	380.389071899	272.558742649
3	993.761529233	438.815565691	467.724093342
4	1017.98006626	355.899234585	256.541549801
5	1033.32933291	361.261546767	265.531330627
6	1034.2016816	370.117641301	238.176595032
7	1019.78986166	343.903159721	247.411979634
8	1000.22179186	356.655040582	241.682305916
9	1020.20285117	360.274818494	239.579518619
10	1026.8128159	351.599004932	226.027265708
11	1034.50882722	360.857794837	247.413053582
12	1010.54014106	350.396410985	248.666462863
13	1016.88256082	360.725568645	249.401465835
0	714.074181064	206.040126994	629.126892928
1	772.234096675	145.828687118	524.184329609
2	754.154130032	76.3251649489	442.325092141
3	777.016892457	96.919426797	442.540931283
4	766.433600029	85.8276960595	439.666345066
5	767.859645261	97.3252841463	441.820032611
6	767.859645261	97.3252841463	441.820032611
7	785.039233376	94.7361420721	421.007248292
8	771.55947283	95.6750731521	443.853794113
9	757.561643011	140.445692569	419.271198426
10	786.977799136	101.097677799	423.520038312
11	783.374207195	95.262427383	447.397477781
12	779.312634496	147.906143924	426.329469525
13	810.137618606	155.890737881	418.82180936
0	1346.99481369	827.397151526	1232.61336669
1	1409.48490583	535.788462553	888.422370845
2	1426.54459562	418.993122563	539.935948952
3	1399.29971045	468.477402567	614.486060111
4	1441.06397396	407.036957993	523.587956054
5	1429.37161468	412.264620653	509.227912764
6	1473.21285925	428.785975327	506.162252376
7	1477.10862774	421.606471055	486.019262324
8	1440.74076417	406.895973524	474.417747702
9	1430.32622902	423.520954582	494.261048313
10	1480.92209831	425.961014469	494.595161365
11	1470.04145749	415.779954734	488.95921843
12	1437.79227226	433.016665458	547.961704454
13	1439.00612848	453.879710674	542.766683247
0	2701.91048601	2117.88116703	2476.32914742
1	2741.79180186	1351.09650103	1488.12532316
2	2780.56943283	1081.22356338	615.628864783
3	2700.35596711	1319.94980181	1274.55078301
4	2780.75291961	1092.74416813	608.030704567
5	2862.47727002	1101.44767448	530.056511568
6	2848.72199515	1107.42567189	542.73184775
7	2747.67749541	1062.81262251	495.646068227
8	2799.51615681	1091.30642369	495.95944775
9	2778.97375811	1048.75614934	474.632324653
10	2824.95329024	1077.88981639	517.687230503
11	2820.47286516	1091.9540547	533.872764131
12	2770.14256809	1100.59474292	621.62342281
13	2724.36331443	1109.54461991	724.599417681
